5 0.284459 0.608287 0.132656 0.216041 0.87757
2 0.447211 0.619515 0.0401405 0.0658451 0.793522
2 0.361874 0.687251 0.0565658 0.0857734 0.725686
2 0.427167 0.72496 0.061078 0.124982 0.709061
2 0.515681 0.576926 0.0358871 0.0526252 0.670379
2 0.563656 0.572437 0.0295874 0.0463896 0.662803
0 0.062105 0.758294 0.0222809 0.108398 0.661697
2 0.409385 0.579136 0.0298035 0.0369632 0.587494
2 0.463367 0.481943 0.0187649 0.0255633 0.569969
2 0.501819 0.493493 0.0190933 0.0331397 0.365321
2 0.0448568 0.688744 0.0892409 0.0836196 0.331042
2 0.376199 0.510961 0.0244236 0.0183178 0.215435
